
time (s)          sample(v("VOUT" ?resultsDir "/work/yc923/ocean/cp1s/results" ?result "tran") 1e-09 2e-08 "linear" 1e-10) (V)

 1.00000e-09       8.57891e-03      
 1.10000e-09       9.99751e-03      
 1.20000e-09       1.33790e-02      
 1.30000e-09       1.67952e-02      
 1.40000e-09       1.73654e-02      
 1.50000e-09       1.64458e-02      
 1.60000e-09       1.54794e-02      
 1.70000e-09       1.49190e-02      
 1.80000e-09       1.49259e-02      
 1.90000e-09       1.55255e-02      
 2.00000e-09       1.64805e-02      
 2.10000e-09       1.78931e-02      
 2.20000e-09       2.10587e-02      
 2.30000e-09       2.42170e-02      
 2.40000e-09       2.46740e-02      
 2.50000e-09       2.37839e-02      
 2.60000e-09       2.28161e-02      
 2.70000e-09       2.22488e-02      
 2.80000e-09       2.22921e-02      
 2.90000e-09       2.28616e-02      
 3.00000e-09       2.38176e-02      
 3.10000e-09       2.51668e-02      
 3.20000e-09       2.81934e-02      
 3.30000e-09       3.13696e-02      
 3.40000e-09       3.16001e-02      
 3.50000e-09       3.06653e-02      
 3.60000e-09       2.97036e-02      
 3.70000e-09       2.91433e-02      
 3.80000e-09       2.91648e-02      
 3.90000e-09       2.97539e-02      
 4.00000e-09       3.06950e-02      
 4.10000e-09       3.20186e-02      
 4.20000e-09       3.49252e-02      
 4.30000e-09       3.77246e-02      
 4.40000e-09       3.80454e-02      
 4.50000e-09       3.71499e-02      
 4.60000e-09       3.61793e-02      
 4.70000e-09       3.56150e-02      
 4.80000e-09       3.56430e-02      
 4.90000e-09       3.62078e-02      
 5.00000e-09       3.71766e-02      
 5.10000e-09       3.84805e-02      
 5.20000e-09       4.12564e-02      
 5.30000e-09       4.40295e-02      
 5.40000e-09       4.42115e-02      
 5.50000e-09       4.32831e-02      
 5.60000e-09       4.23232e-02      
 5.70000e-09       4.17615e-02      
 5.80000e-09       4.17907e-02      
 5.90000e-09       4.23732e-02      
 6.00000e-09       4.33056e-02      
 6.10000e-09       4.45483e-02      
 6.20000e-09       4.72686e-02      
 6.30000e-09       4.98528e-02      
 6.40000e-09       5.00559e-02      
 6.50000e-09       4.91244e-02      
 6.60000e-09       4.81599e-02      
 6.70000e-09       4.75977e-02      
 6.80000e-09       4.76010e-02      
 6.90000e-09       4.81914e-02      
 7.00000e-09       4.91460e-02      
 7.10000e-09       5.04075e-02      
 7.20000e-09       5.29969e-02      
 7.30000e-09       5.55180e-02      
 7.40000e-09       5.56124e-02      
 7.50000e-09       5.46833e-02      
 7.60000e-09       5.37240e-02      
 7.70000e-09       5.31616e-02      
 7.80000e-09       5.31918e-02      
 7.90000e-09       5.37708e-02      
 8.00000e-09       5.47017e-02      
 8.10000e-09       5.58994e-02      
 8.20000e-09       5.84552e-02      
 8.30000e-09       6.08436e-02      
 8.40000e-09       6.09574e-02      
 8.50000e-09       6.00117e-02      
 8.60000e-09       5.90486e-02      
 8.70000e-09       5.84857e-02      
 8.80000e-09       5.84878e-02      
 8.90000e-09       5.90764e-02      
 9.00000e-09       6.00291e-02      
 9.10000e-09       6.12549e-02      
 9.20000e-09       6.36897e-02      
 9.30000e-09       6.60424e-02      
 9.40000e-09       6.60410e-02      
 9.50000e-09       6.51053e-02      
 9.60000e-09       6.41474e-02      
 9.70000e-09       6.35854e-02      
 9.80000e-09       6.36096e-02      
 9.90000e-09       6.41907e-02      
 1.00000e-08       6.51210e-02      
 1.01000e-08       6.63044e-02      
 1.02000e-08       6.87077e-02      
 1.03000e-08       7.08824e-02      
 1.04000e-08       7.09344e-02      
 1.05000e-08       7.00065e-02      
 1.06000e-08       6.90407e-02      
 1.07000e-08       6.84751e-02      
 1.08000e-08       6.84949e-02      
 1.09000e-08       6.90592e-02      
 1.10000e-08       7.00196e-02      
 1.11000e-08       7.12141e-02      
 1.12000e-08       7.35180e-02      
 1.13000e-08       7.57670e-02      
 1.14000e-08       7.56569e-02      
 1.15000e-08       7.47123e-02      
 1.16000e-08       7.37549e-02      
 1.17000e-08       7.31931e-02      
 1.18000e-08       7.32058e-02      
 1.19000e-08       7.37905e-02      
 1.20000e-08       7.47257e-02      
 1.21000e-08       7.59036e-02      
 1.22000e-08       7.81626e-02      
 1.23000e-08       8.01929e-02      
 1.24000e-08       8.01665e-02      
 1.25000e-08       7.92388e-02      
 1.26000e-08       7.82758e-02      
 1.27000e-08       7.77091e-02      
 1.28000e-08       7.77453e-02      
 1.29000e-08       7.83101e-02      
 1.30000e-08       7.92501e-02      
 1.31000e-08       8.04000e-02      
 1.32000e-08       8.26105e-02      
 1.33000e-08       8.46756e-02      
 1.34000e-08       8.45820e-02      
 1.35000e-08       8.36141e-02      
 1.36000e-08       8.26548e-02      
 1.37000e-08       8.20913e-02      
 1.38000e-08       8.20841e-02      
 1.39000e-08       8.26776e-02      
 1.40000e-08       8.36234e-02      
 1.41000e-08       8.47868e-02      
 1.42000e-08       8.69240e-02      
 1.43000e-08       8.89394e-02      
 1.44000e-08       8.87713e-02      
 1.45000e-08       8.78265e-02      
 1.46000e-08       8.68705e-02      
 1.47000e-08       8.63082e-02      
 1.48000e-08       8.63204e-02      
 1.49000e-08       8.69034e-02      
 1.50000e-08       8.78358e-02      
 1.51000e-08       8.89811e-02      
 1.52000e-08       9.10867e-02      
 1.53000e-08       9.29262e-02      
 1.54000e-08       9.28265e-02      
 1.55000e-08       9.18949e-02      
 1.56000e-08       9.09331e-02      
 1.57000e-08       9.03666e-02      
 1.58000e-08       9.04009e-02      
 1.59000e-08       9.09650e-02      
 1.60000e-08       9.19017e-02      
 1.61000e-08       9.30227e-02      
 1.62000e-08       9.50902e-02      
 1.63000e-08       9.69496e-02      
 1.64000e-08       9.68156e-02      
 1.65000e-08       9.58405e-02      
 1.66000e-08       9.48813e-02      
 1.67000e-08       9.43166e-02      
 1.68000e-08       9.43156e-02      
 1.69000e-08       9.48979e-02      
 1.70000e-08       9.58450e-02      
 1.71000e-08       9.69810e-02      
 1.72000e-08       9.89799e-02      
 1.73000e-08       1.00866e-01      
 1.74000e-08       1.00602e-01      
 1.75000e-08       9.96513e-02      
 1.76000e-08       9.86957e-02      
 1.77000e-08       9.81327e-02      
 1.78000e-08       9.81344e-02      
 1.79000e-08       9.87192e-02      
 1.80000e-08       9.96561e-02      
 1.81000e-08       1.00784e-01      
 1.82000e-08       1.02746e-01      
 1.83000e-08       1.04490e-01      
 1.84000e-08       1.04277e-01      
 1.85000e-08       1.03336e-01      
 1.86000e-08       1.02381e-01      
 1.87000e-08       1.01818e-01      
 1.88000e-08       1.01838e-01      
 1.89000e-08       1.02414e-01      
 1.90000e-08       1.03340e-01      
 1.91000e-08       1.04444e-01      
 1.92000e-08       1.06394e-01      
 1.93000e-08       1.08012e-01      
 1.94000e-08       1.07853e-01      
 1.95000e-08       1.06916e-01      
 1.96000e-08       1.05948e-01      
 1.97000e-08       1.05379e-01      
 1.98000e-08       1.05415e-01      
 1.99000e-08       1.05971e-01      
 2.00000e-08       1.06915e-01      
