
time (s)          sample(v("VOUT" ?resultsDir "/work/yc923/ocean" ?result "tran") 0 1e-08 "linear" 1e-10) (V)

 0.00000e+00       3.97227e-18      
 1.00000e-10       7.91626e-03      
 2.00000e-10       2.43994e-02      
 3.00000e-10       4.00439e-02      
 4.00000e-10       4.70553e-02      
 5.00000e-10       4.55940e-02      
 6.00000e-10       4.12392e-02      
 7.00000e-10       3.70095e-02      
 8.00000e-10       3.32916e-02      
 9.00000e-10       3.05375e-02      
 1.00000e-09       3.08148e-02      
 1.10000e-09       3.93172e-02      
 1.20000e-09       5.66552e-02      
 1.30000e-09       7.30570e-02      
 1.40000e-09       8.05567e-02      
 1.50000e-09       7.92455e-02      
 1.60000e-09       7.49063e-02      
 1.70000e-09       7.06486e-02      
 1.80000e-09       6.69175e-02      
 1.90000e-09       6.39952e-02      
 2.00000e-09       6.39599e-02      
 2.10000e-09       7.15088e-02      
 2.20000e-09       8.80376e-02      
 2.30000e-09       1.03711e-01      
 2.40000e-09       1.10504e-01      
 2.50000e-09       1.08979e-01      
 2.60000e-09       1.04653e-01      
 2.70000e-09       1.00354e-01      
 2.80000e-09       9.66198e-02      
 2.90000e-09       9.35820e-02      
 3.00000e-09       9.29575e-02      
 3.10000e-09       9.97373e-02      
 3.20000e-09       1.14969e-01      
 3.30000e-09       1.30133e-01      
 3.40000e-09       1.36013e-01      
 3.50000e-09       1.33977e-01      
 3.60000e-09       1.29627e-01      
 3.70000e-09       1.25284e-01      
 3.80000e-09       1.21542e-01      
 3.90000e-09       1.18502e-01      
 4.00000e-09       1.17334e-01      
 4.10000e-09       1.23586e-01      
 4.20000e-09       1.37459e-01      
 4.30000e-09       1.51481e-01      
 4.40000e-09       1.57433e-01      
 4.50000e-09       1.54807e-01      
 4.60000e-09       1.50363e-01      
 4.70000e-09       1.46020e-01      
 4.80000e-09       1.42180e-01      
 4.90000e-09       1.39150e-01      
 5.00000e-09       1.38026e-01      
 5.10000e-09       1.43093e-01      
 5.20000e-09       1.56304e-01      
 5.30000e-09       1.69200e-01      
 5.40000e-09       1.74229e-01      
 5.50000e-09       1.72077e-01      
 5.60000e-09       1.67645e-01      
 5.70000e-09       1.63270e-01      
 5.80000e-09       1.59458e-01      
 5.90000e-09       1.56304e-01      
 6.00000e-09       1.54788e-01      
 6.10000e-09       1.59646e-01      
 6.20000e-09       1.71981e-01      
 6.30000e-09       1.84877e-01      
 6.40000e-09       1.89334e-01      
 6.50000e-09       1.86563e-01      
 6.60000e-09       1.82102e-01      
 6.70000e-09       1.77717e-01      
 6.80000e-09       1.73874e-01      
 6.90000e-09       1.70750e-01      
 7.00000e-09       1.69158e-01      
 7.10000e-09       1.73474e-01      
 7.20000e-09       1.85123e-01      
 7.30000e-09       1.96835e-01      
 7.40000e-09       2.01165e-01      
 7.50000e-09       1.98752e-01      
 7.60000e-09       1.94233e-01      
 7.70000e-09       1.89833e-01      
 7.80000e-09       1.85968e-01      
 7.90000e-09       1.82753e-01      
 8.00000e-09       1.81122e-01      
 8.10000e-09       1.84960e-01      
 8.20000e-09       1.96243e-01      
 8.30000e-09       2.08136e-01      
 8.40000e-09       2.11798e-01      
 8.50000e-09       2.08941e-01      
 8.60000e-09       2.04455e-01      
 8.70000e-09       2.00039e-01      
 8.80000e-09       1.96178e-01      
 8.90000e-09       1.93003e-01      
 9.00000e-09       1.91155e-01      
 9.10000e-09       1.94876e-01      
 9.20000e-09       2.05554e-01      
 9.30000e-09       2.16462e-01      
 9.40000e-09       2.20260e-01      
 9.50000e-09       2.17663e-01      
 9.60000e-09       2.13104e-01      
 9.70000e-09       2.08683e-01      
 9.80000e-09       2.04793e-01      
 9.90000e-09       2.01546e-01      
 1.00000e-08       1.99372e-01      
