0.55 0.5 0.2110641
0.55 0.525 0.2149107
0.55 0.55 0.2157793
0.55 0.575 0.2141541
0.55 0.6 0.2106178
0.575 0.5 0.2127638
0.575 0.525 0.2167044
0.575 0.55 0.217535
0.575 0.575 0.2158476
0.575 0.6 0.2122422
0.6 0.5 0.2129354
0.6 0.525 0.2168644
0.6 0.55 0.2176596
0.6 0.575 0.2158655
0.6 0.6 0.2121619
0.625 0.5 0.2118948
0.625 0.525 0.2157621
0.625 0.55 0.2164963
0.625 0.575 0.2145628
0.625 0.6 0.2107039
0.65 0.5 0.2099837
0.65 0.525 0.2137512
0.65 0.55 0.2143582
0.65 0.575 0.2122755
0.65 0.6 0.2082313
