
time (s)          sample(v("VOUT" ?resultsDir "/work/yc923/ocean" ?result "tran") 4.99e-06 5e-06 "linear" 1e-10) (V)

 4.99000e-06       1.17731e+00      
 4.99010e-06       1.17778e+00      
 4.99020e-06       1.17839e+00      
 4.99030e-06       1.17880e+00      
 4.99040e-06       1.17856e+00      
 4.99050e-06       1.17800e+00      
 4.99060e-06       1.17741e+00      
 4.99070e-06       1.17699e+00      
 4.99080e-06       1.17684e+00      
 4.99090e-06       1.17701e+00      
 4.99100e-06       1.17737e+00      
 4.99110e-06       1.17784e+00      
 4.99120e-06       1.17845e+00      
 4.99130e-06       1.17886e+00      
 4.99140e-06       1.17862e+00      
 4.99150e-06       1.17806e+00      
 4.99160e-06       1.17747e+00      
 4.99170e-06       1.17705e+00      
 4.99180e-06       1.17690e+00      
 4.99190e-06       1.17707e+00      
 4.99200e-06       1.17743e+00      
 4.99210e-06       1.17790e+00      
 4.99220e-06       1.17851e+00      
 4.99230e-06       1.17892e+00      
 4.99240e-06       1.17868e+00      
 4.99250e-06       1.17812e+00      
 4.99260e-06       1.17753e+00      
 4.99270e-06       1.17711e+00      
 4.99280e-06       1.17696e+00      
 4.99290e-06       1.17713e+00      
 4.99300e-06       1.17749e+00      
 4.99310e-06       1.17796e+00      
 4.99320e-06       1.17857e+00      
 4.99330e-06       1.17898e+00      
 4.99340e-06       1.17874e+00      
 4.99350e-06       1.17818e+00      
 4.99360e-06       1.17759e+00      
 4.99370e-06       1.17717e+00      
 4.99380e-06       1.17702e+00      
 4.99390e-06       1.17719e+00      
 4.99400e-06       1.17755e+00      
 4.99410e-06       1.17802e+00      
 4.99420e-06       1.17863e+00      
 4.99430e-06       1.17904e+00      
 4.99440e-06       1.17880e+00      
 4.99450e-06       1.17824e+00      
 4.99460e-06       1.17765e+00      
 4.99470e-06       1.17723e+00      
 4.99480e-06       1.17708e+00      
 4.99490e-06       1.17725e+00      
 4.99500e-06       1.17761e+00      
 4.99510e-06       1.17806e+00      
 4.99520e-06       1.17868e+00      
 4.99530e-06       1.17905e+00      
 4.99540e-06       1.17884e+00      
 4.99550e-06       1.17829e+00      
 4.99560e-06       1.17769e+00      
 4.99570e-06       1.17728e+00      
 4.99580e-06       1.17716e+00      
 4.99590e-06       1.17731e+00      
 4.99600e-06       1.17766e+00      
 4.99610e-06       1.17812e+00      
 4.99620e-06       1.17872e+00      
 4.99630e-06       1.17909e+00      
 4.99640e-06       1.17890e+00      
 4.99650e-06       1.17835e+00      
 4.99660e-06       1.17776e+00      
 4.99670e-06       1.17735e+00      
 4.99680e-06       1.17722e+00      
 4.99690e-06       1.17737e+00      
 4.99700e-06       1.17772e+00      
 4.99710e-06       1.17818e+00      
 4.99720e-06       1.17879e+00      
 4.99730e-06       1.17916e+00      
 4.99740e-06       1.17896e+00      
 4.99750e-06       1.17841e+00      
 4.99760e-06       1.17782e+00      
 4.99770e-06       1.17741e+00      
 4.99780e-06       1.17728e+00      
 4.99790e-06       1.17743e+00      
 4.99800e-06       1.17779e+00      
 4.99810e-06       1.17825e+00      
 4.99820e-06       1.17885e+00      
 4.99830e-06       1.17922e+00      
 4.99840e-06       1.17902e+00      
 4.99850e-06       1.17848e+00      
 4.99860e-06       1.17788e+00      
 4.99870e-06       1.17747e+00      
 4.99880e-06       1.17734e+00      
 4.99890e-06       1.17750e+00      
 4.99900e-06       1.17785e+00      
 4.99910e-06       1.17831e+00      
 4.99920e-06       1.17891e+00      
 4.99930e-06       1.17929e+00      
 4.99940e-06       1.17910e+00      
 4.99950e-06       1.17854e+00      
 4.99960e-06       1.17794e+00      
 4.99970e-06       1.17752e+00      
 4.99980e-06       1.17737e+00      
 4.99990e-06       1.17754e+00      
 5.00000e-06       1.17790e+00      
